1   19.8997   67.4272
2   92.7103   34.3817
3   59.4493   61.5487
4    0.3374   98.2013
5   89.9513   69.2757
6   43.9654   70.1023
7   60.9715   29.9886
8   85.6037   11.2072
9   29.1560    9.7447
10   39.7448   33.3313
11   94.4235   83.8555
12   25.8427    4.2898
13    0.5885   57.4418
14   74.3902   80.6831
15   63.7571   25.1271
16   14.4320   65.1551
17   94.6087   81.5887
18   93.0247   30.9941
19   26.8817   53.6451
20   16.3278   21.0988
21   21.6812   65.1790
22    5.2776   22.9290
23   66.7432   31.0934
24   30.6633   72.0680
25   95.4407   13.1138
26    6.8277   12.5227
27   16.6153   91.1417
28   13.6260   61.6995
29   26.8982   22.0664
30   71.2901   54.8996
31   94.1348   32.9865
32   70.4486   94.3425
33   58.1594   88.0154
34   74.9612   37.9617
35   72.5561   16.2798
36   95.6205   19.6229
37   77.6193   61.3296
38   16.2280    3.1054
39   28.8629   97.1064
40   95.0499   22.8048
41   95.8526   67.9858
42    5.4969   59.9841
43   39.3146   21.5366
44   18.2400    7.6754
45    0.7424   78.8783
46    1.7788   87.7941
47   35.2542   72.2140
48   96.8451   15.5668
49   16.2956   31.3397
50    2.9382   35.7625
51    2.7190   79.3667
52   99.9231   11.0239
53   62.2601   13.2572
54   31.0030   13.4788
55   22.3326   39.6547
56   13.5143   24.1059
57   92.7516   39.1101
58   51.1263    9.2896
59    2.1699   15.9535
60   84.4516   87.9153
61   18.6990   99.1305
62   71.2030   87.1365
63   47.9631   49.6005
64   28.7532    6.0941
65   26.2468   18.6261
66   91.7090   12.3279
67    1.3445   36.9691
68   69.8641   88.9347
69   59.3771   15.6691
70   31.6689   23.3395
71    0.8422   39.6904
72   64.9868    8.5001
73   76.8810   96.9702
74   71.4797   78.1962
75   23.7565   19.5731
76   26.3214   71.3785
77   97.7600   63.7122
78   54.5924   84.8057
79   80.2098   66.8306
80   67.0983   82.0644
81   97.0472   48.6925
82   81.7469   64.1571
83   30.6349   66.0932
84   35.8017   93.8199
85   48.7667    9.0990
86   67.3834   51.4880
87   22.1579   72.5009
88    6.8247   96.4124
89   20.7657   16.1118
90   63.8221    0.0228
91   33.5633   27.5100
92    4.4528    9.3896
93   40.9997   81.6892
94   87.0517    2.2555
95   72.7177   84.8009
96   72.8600   95.5099
97   65.6351   74.2305
98   34.4966   88.4022
99   34.7244    5.9477
100   71.8415   95.8214